# ./run -i 6mat.txt
# Version = 1.0.2, Revision date = 26-Oct-2020
matrix 6 6
2.71231139111	-2.10770950939	-0.130753156495	-3.11689891334	1.55492762063	0.804174818701	
1.13043560981	-2.46021528829	-0.649503280463	-2.37154490793	3.34038893718	0.632775557601	
-2.03309062323	1.90381559734	0.650711517424	3.76898844673	-2.56551242019	-0.589026605579	
0.323988987723	1.29851308236	0.443637958675	0.999825944641	-0.278299129604	-1.61338112155	
3.8263607424	-5.34315725238	2.90045893817	-6.49974484817	3.71156787662	-0.0219700567619	
-3.97130215733	5.47986090875	-2.92703822566	5.51458146845	-3.53709293954	1.11078229587	
end
