# ./run -m 6mat.txt 6inv.txt
# Version = 1.0.2, Revision date = 26-Oct-2020
matrix 6 6
1	-5.94124749398e-12	-7.30526750203e-13	2.56017429479e-13	2.33191244092e-12	2.63233879139e-12	
-2.31903385384e-12	0.999999999994	-2.35056418774e-12	3.64241969919e-12	8.5886853185e-13	6.28597174313e-12	
5.00044450291e-13	-6.22568663289e-12	0.999999999998	3.89377419197e-12	3.45501405263e-12	4.69024818983e-12	
4.18437506866e-12	-5.35405053625e-12	-4.10671496809e-13	1	2.47973863665e-12	1.11519127266e-12	
1.58051349786e-12	-7.08544334316e-12	-1.63269398001e-12	4.9369397459e-12	1	4.6438408674e-12	
7.59392548844e-13	-6.58761933892e-12	-2.48645548595e-12	3.91242593878e-12	3.43058914609e-12	1	
end
