# ./mat_gen --rows 6 --cols 6 --file 6mat.txt 
# Version = 1.0.3, Revision date = 16-Oct-2019
matrix 6 6
0.813291693019	0.18341637551	0.547310722781	0.409208229002	0.0871565728854	0.193029854071	
0.0642832294406	0.0855149715606	0.0374313672247	0.603095126153	0.744167874914	0.815293003719	
0.119631159641	0.238136742375	0.676109552698	0.393507452865	0.924375646712	0.726101885888	
0.505894925215	0.504672943849	0.828420931393	0.214940889373	0.0160459918045	0.0980600887435	
0.049811083381	0.633929111359	0.416576359615	0.515836845858	0.561248995625	0.584052335743	
0.552868487571	0.374540688644	0.767468711719	0.100179210352	0.783748917647	0.85462528507	
end
