# ./run -i 7mat.txt
# Version = 1.0.2, Revision date = 26-Oct-2020
matrix 7 7
1.17777886403	-0.217272774994	-1.04599326547	0.699216319589	0.33823003789	0.550341969801	-0.291566230493	
-0.174106150183	-1.21307146497	-2.06351643249	-1.06838822425	1.53828857812	0.960721978099	1.27262220501	
1.00032334533	0.850465378888	4.6528041302	-0.851448096604	-1.02743232222	-3.72749773079	-0.59491046523	
-1.15757699976	0.14638054759	-3.01504207919	-0.390027306693	0.312388344697	3.28958255828	0.442486127829	
0.601667109886	0.74037103225	-0.784734253915	0.767334314171	0.46287980611	-0.536366149586	0.0794360964516	
0.223850511307	-0.915192779478	-0.504334763778	0.891396104347	-0.88572452235	0.468273844375	0.976529698615	
-1.48391084462	-0.218319844623	1.27836126959	0.217130332158	0.122801977473	0.412728680833	-0.733973861988	
end
