# ./run -m 7mat.txt 7inv.txt
# Version = 1.0.2, Revision date = 26-Oct-2020
matrix 7 7
1	-4.26365540096e-13	2.14460393888e-12	1.14629659931e-12	-8.76000660899e-14	3.02064970259e-12	-3.07504022246e-13	
2.51898502057e-12	1	-1.97325489282e-12	1.74742165182e-13	1.20840837337e-13	4.0397685197e-12	-9.30644450392e-14	
3.29647420472e-12	-1.23248633521e-12	1	2.02796113236e-12	1.70183311887e-13	4.94371210635e-12	-7.95474797144e-13	
-4.03566069451e-13	2.34368080498e-13	4.02788913334e-13	1	1.69239622316e-13	5.86364290456e-13	1.07636122237e-13	
1.54121160278e-12	-2.32186492255e-12	2.66675570515e-12	3.08303382823e-12	1	3.00431901579e-12	-1.30606636617e-12	
3.99524857642e-12	-7.65526531055e-13	1.03050901146e-12	1.57288071456e-12	-5.28049826087e-14	1.00000000001	-4.29989377437e-13	
2.92654789291e-12	-2.34688657397e-12	-6.88338275268e-14	2.83381651478e-12	6.17811357628e-13	5.13544762271e-12	0.999999999999	
end
