# ./run -i 8mat.txt
# Version = 1.0.2, Revision date = 26-Oct-2020
matrix 8 8
0.773566422626	-0.214589569636	0.144937025235	-1.71788336709	0.00207287228628	0.12042471162	0.498946558104	0.733963600712	
1.46698326121	0.0528400049551	-0.349554283352	-0.371919460772	-1.28983226289	-0.334508405493	0.520388165614	1.46106157732	
-1.52321735766	-0.72020041503	-0.0631845484765	0.659476172982	1.19729499587	-4.30796715604	4.2213980853	1.32949234889	
1.71783222978	2.00352517222	0.470940857589	1.40875703424	-0.991058607887	5.4921418661	-6.73048226904	-3.65015102984	
-3.18523390628	-0.252526359132	1.64552954944	0.000237922930313	1.29515790603	-0.946599721353	0.935058376299	-0.426459059775	
2.8581166134	-1.42050560987	-1.49069654254	3.47967684959	-0.701238446728	1.05388173209	-1.82975656563	-0.652654042989	
-3.38934205432	0.222046333586	0.887418552769	-3.99115740892	1.76645316645	-2.61736931971	3.55373098127	2.59963496156	
2.0617243776	0.2465308849	-1.45716358839	1.3191289653	-1.23870036552	1.4161915055	-0.166387875553	-1.20265729209	
end
