# ./run -m 8mat.txt 8inv.txt
# Version = 1.0.2, Revision date = 26-Oct-2020
matrix 8 8
1	-8.88442097668e-13	-1.1068368444e-12	-1.03736463863e-13	-3.40977246438e-12	5.72014657862e-13	4.73157971137e-13	1.09258435632e-12	
1.5508705431e-12	0.999999999997	-2.41795472533e-12	2.99771318879e-12	-7.69173613691e-12	-1.62858615482e-12	1.3194584314e-12	3.55143692232e-12	
-7.96307464412e-13	-1.2301062946e-12	1	-4.30960822584e-13	-2.19525786438e-12	9.63590318648e-13	3.91943422162e-14	-6.27470297943e-13	
1.63569158218e-12	-1.22135634939e-12	-2.73003841755e-12	1	-4.19098089566e-12	-3.74811293113e-13	1.60418900386e-12	2.04336547682e-12	
2.16515694262e-12	-1.81520076747e-12	-4.55546711464e-12	1.29929400572e-12	0.999999999995	-1.26165744518e-12	2.87039142455e-12	5.24241761113e-12	
2.04591898978e-12	-8.98503493829e-13	-4.3913761516e-12	3.03024272341e-12	-4.11737310912e-12	0.999999999999	2.00764405101e-12	4.23372448211e-12	
1.59650070941e-12	-6.68964883488e-13	-2.34501307261e-12	2.86393131432e-12	-4.4049208725e-12	-3.21742632536e-13	1	3.24396065565e-12	
2.45836684343e-12	-1.18525328441e-12	-3.88145071639e-12	8.40327807339e-13	-4.35079750005e-12	-1.59072754968e-12	2.29371382998e-12	1	
end
