# Name	Mass (kg)		x(m)					y(m)					z(m)						Vx(m/s)							Vy (m/s)					Vz (m/s)
Sun		1988500e24		-9.649699770301539E+08	9.225662434282367E+08	1.486788382133102E+07		-1.212753737093418E+01			-9.502683754903023E+00			3.771081749605236E-01
Mercury	3.302e23		-5.162029711169349E+10	-4.182271937442243E+10	1.168574120628700E+09	2.145474038973678E+04	-3.505282753877572E+04	-4.832407573779728E+03
Venus	48.685e23	-1.081010779950527E+11	-9.046132763917742E+09	6.060459075092908E+09	3.017480938142598E+03	-3.503597738927069E+04	-6.551251063922781E+02
Earth	5.97219e24	7.323947582295965E+10	1.287078429202178E+11	8.713477046422660E+06	-2.626516213245316E+04	1.482739164836904E+04	2.346711777407862E-01
Mars	6.4171e23	1.408636985883596E+11	1.693711266338400E+11	6.565284143731743E+07	-1.762613674635032E+04	1.765996226153424E+04	8.027577022763195E+02
Jupiter	1898.13e24	4.277156982647380E+11	-6.311844155797579E+11	-6.950772181945086E+09	1.065550876040743E+04	7.949578250710760E+03	-2.713005521061458E+02
Saturn	5.6834e26	8.013783885615686E+11	-1.260150015786601E+12	-9.993280126197457E+09	7.611725253652536E+03	5.160152930249767E+03	-3.932251151312973E+02
Uranus	86.813e24	2.306186247661667E+12	1.852649683592275E+12	-2.299613308741617E+10	-4.314949304957118E+03	4.991796134659508E+03	7.481136246663156E+01
Neptune	1.024e26	4.403927484385644E+12	-7.952581111237000E+11	-8.511619734316134E+10	9.294145398216528E+02	5.381442609916388E+03	-1.315314104294294E+02
Moon	7.349e22	7.356978194730386E+10	1.284979197575037E+11	2.462420183127373E+07	-2.568380538051228E+04	1.563511019413012E+04	-3.937897780423949E+01
